PATIENT 75, TRIAL: b
FP1 : 2.6623706570931533
FP2 : 0.4667378113622436
F3 : 0.6213171769081669
F4 : 0.045090975777775474
C3 : 0.5743523673878183
C4 : 0.8490173228116628
P3 : 1.804118590711605
P4 : 2.8798635595642423
O1 : 2.056327141255076
O2 : 3.911146159432992
F7 : 3.2326645894628894
F8 : 2.573903333610698
T3 : 4.077948276561281
T4 : 3.5857742326316124
T5 : 1.1220170265527853
T6 : 0.594515819148457
Fz : 0.42506976057556745
Cz : 0.0006414029377552664
Pz : 1.883687943229868
